10 20 10
6 8 84 5
4 5 57 8
5 9 85 5
8 9 65 9
6 9 34 10
5 6 22 10
7 8 79 7
5 7 80 7
7 9 9 8
1 2 59 6
6 7 35 1
1 3 98 4
2 3 62 7
5 8 54 9
9 10 60 8
4 6 55 7
4 7 3 6
4 9 69 5
3 4 42 1
4 8 71 7
0 52 86 46 45 24 32 43 4 10 
52 0 85 10 17 68 97 44 9 36 
86 85 0 7 39 67 92 60 74 51 
46 10 7 0 45 97 100 86 82 14 
45 17 39 45 0 35 96 100 46 2 
24 68 67 97 35 0 22 98 16 90 
32 97 92 100 96 22 0 50 45 7 
43 44 60 86 100 98 50 0 36 87 
4 9 74 82 46 16 45 36 0 82 
10 36 51 14 2 90 7 87 82 0 
