21 63 10
11 13 496 9
1 9 34 4
2 6 152 2
13 15 648 1
17 19 671 1
2 7 379 3
16 17 4 4
11 16 303 9
10 14 951 7
6 8 360 8
3 7 651 4
3 6 89 1
1 4 462 4
1 8 128 9
19 20 522 8
4 5 662 4
12 16 991 4
17 18 618 4
2 3 898 8
4 9 107 8
2 8 501 4
6 9 656 9
5 6 197 10
13 14 564 4
3 5 97 6
11 15 441 9
6 7 760 5
3 4 588 7
1 5 593 3
14 16 667 8
12 15 674 10
2 4 929 8
9 10 59 1
18 19 621 1
4 8 108 1
5 7 703 3
10 16 792 5
1 6 764 8
1 2 617 2
14 15 710 5
3 9 155 10
2 5 531 3
5 9 211 5
12 13 471 10
8 9 716 3
1 3 782 6
11 12 473 5
12 14 138 10
11 14 486 4
10 13 490 10
1 7 694 3
7 9 421 2
15 16 75 8
4 6 83 6
10 15 426 4
2 9 25 6
5 8 969 9
7 8 579 9
10 11 176 10
3 8 245 3
13 16 747 3
4 7 318 4
10 12 312 8
0 805 76 203 307 376 87 856 90 635 
805 0 651 310 774 139 774 611 473 278 
76 651 0 323 478 368 349 766 640 57 
203 310 323 0 324 343 265 522 320 740 
307 774 478 324 0 96 746 458 597 576 
376 139 368 343 96 0 463 467 767 48 
87 774 349 265 746 463 0 77 569 602 
856 611 766 522 458 467 77 0 52 961 
90 473 640 320 597 767 569 52 0 564 
635 278 57 740 576 48 602 961 564 0 
