20 108 10
11 13 286 8
4 19 125 8
1 2 877 5
10 17 94 6
10 13 657 2
3 17 76 9
3 20 208 8
9 11 726 7
10 19 43 4
6 14 444 3
2 14 974 3
16 20 554 3
13 16 819 6
9 14 925 9
3 13 199 3
2 15 178 1
7 13 162 3
7 12 880 1
5 8 765 8
4 8 590 6
12 18 838 9
3 6 44 7
14 20 673 4
9 10 637 10
11 16 880 3
8 10 413 8
13 19 754 5
8 16 256 4
7 16 885 7
1 8 483 4
8 20 644 7
9 16 720 7
2 10 31 3
2 18 726 4
2 7 148 1
11 19 83 9
9 17 117 10
5 14 206 6
6 10 499 1
9 12 108 6
6 8 359 5
7 10 541 6
5 15 785 7
4 9 534 9
10 16 832 2
5 13 431 7
2 13 975 10
2 3 109 1
7 9 716 6
5 20 542 7
4 13 708 2
1 7 770 7
13 14 391 6
1 9 429 1
6 20 328 2
6 12 287 10
3 15 782 3
3 19 784 8
16 19 554 8
5 7 478 4
1 17 212 10
7 20 986 4
9 20 545 5
5 10 633 7
11 20 564 6
15 16 986 3
9 19 160 6
9 13 482 9
1 5 445 6
17 20 507 4
9 15 634 2
8 9 362 2
2 8 324 3
1 20 717 6
4 10 779 3
1 10 296 1
18 20 589 3
6 16 952 9
11 12 119 10
12 16 93 6
4 16 772 7
7 14 600 7
8 13 280 5
10 20 55 3
6 13 17 1
2 16 997 6
5 16 25 3
6 7 978 6
12 20 288 1
6 9 409 2
1 13 801 7
2 20 914 8
2 4 426 2
16 17 687 3
3 16 712 8
3 7 24 3
17 19 876 1
3 10 58 9
19 20 936 2
15 20 466 3
2 9 820 7
14 16 124 10
6 17 910 6
2 6 543 2
15 19 39 1
3 18 139 7
8 15 347 8
4 7 193 2
0 641 928 813 587 618 376 151 241 979 
641 0 924 933 344 431 534 239 935 370 
928 924 0 243 281 723 316 20 962 610 
813 933 243 0 474 307 226 794 163 474 
587 344 281 474 0 587 780 421 631 362 
618 431 723 307 587 0 813 166 335 845 
376 534 316 226 780 813 0 860 862 764 
151 239 20 794 421 166 860 0 167 853 
241 935 962 163 631 335 862 167 0 748 
979 370 610 474 362 845 764 853 748 0 
